7361199320269589806
7354855029569883398
7352938413424676101
7352760022113307909
7348522875634191621
7346732356620881157
7345568126668459270
7340407905117588742
7337463245562842374
7335511777163087109
7334790062221036805
7334103766653898030
7333952261137239328
7333746412246633774
7333724353239993632
7333720766422224174
7333659058504830241
7333630659690384683
7333442934097972522
7333322696757087534
7333313501722578219
7333305068806180142
7333301021244017963
7333220076558011690
7333083048554024234
7332951494620237099
7332919409499213102
7332751326805511470
7332593173333822766
7332547908757146910
7332520051645451553
7332226021170662698
7332159747786968326
7332001044924271914
7331938319624064302
7331920307063672107
7331808041865727275
7331616517156506881
7327388799632231726
7325712389679189290
7308853832069483782
7300961934914915589
7290807528546503967
7281479237608033582
7281445210683477254
7281368514198261035
7281124964500000006
7270984400739814662
7170796494168132906
7034649383031491886