7359279226060541227
7358881729215597856
7358502418256022826
7358284757509098795
7357535146410593578
7356782913809304878
7356348696285482282
7356319990519270699
7356174748952366344
7355584261501504814
7355510634924018986
7355259107462384938
7354933754755845418
7354126776072670507
7354122998951071018
7354048737544506657
7354012467900550431
7353852457929280810
7353847513243307281
7353715174471208224
7352651992730193183
7352341373221129515
7352243110468062510
7352002535462505774
7351670946459159851
7351191278081592619
7351144574661774635
7351005218949238049
7350918067708300587
7350772960304844078
7350768971638902059
7350708324125445408
7350443993605459243
7350405591434628382
7350028979115429163
7350021963223584046
7349762669756419370
7349751749185391914
7349598788538977579
7349568170904063274
7349256268059561217
7348208719735295265
7348176819994119467
7347417824446483754
7346756448103288107
7341091099311721758
7341072480372641067
7341011712507677984
7340853821226175787
7340828738180893995
7340789599230479662
7340772433810443550
7340687233269140779
7340624590630047009
7340438251288759598
7340078016564841736
7339955182266109230
7339937331039767841
7339764266058255659
7339745900022992171
7339698995897404715
7339609563911556394
7339406908924890369
7339107127874555169
7338552968515439905
7335719362659192065
7331187830326250798
7330697719264054560
7330408534678457642
7330379673584651525
7330370129278143790
7330000273399745835
7329550366432070958
7329198456096984363
7329049049066196226
7328896455119310123
7328684555743808769
7328515858907565354
7328262050449394990
7327772369102179626
7326954898703125792
7326325091187412255
7325810109223800110
7325113017463754030
7323673010790092064
7322902813137292550
7322576916073024814
7320722024136150318
7316281749838023982
7312852220582661419
7312529411373419819
7312271032906190123
7311427137628605738
7311356836651732266
7307085405038398766
7305554824894926123
7305464751671315755
7304487709429599531
7298337037931826462
7297370558558211371
7297315715407793440
7296967605263338784
7296733697607224619
7295114410094382369
7292882113014123819
7292119082529230122
7291852884122144043
7291024363799760171
7288035382413839646
7288016476928216363
7287330797407702303
7283215159533784366
7282420601136991534
7281438997736475947
7281432827374161195
7281392313568398638
7281273602907917599
7281055425745800478
7280563062678113537
7280263565259410719
7278423335225003296
7278033898267823392
7277734487268658462
7277721287672302890
7275898712461757738
7275380211108039937
7275278329828150535
7274582841378295086
7273143027361680673
7272492026237701419
7272165545024245034
7271672269762530592
7269888512764267808
7269813292082760993
7265897165816384811
7264386992404696363
7261795427777924394
7250668800541084971
7232680060648443179
7221015241293860102
7208612613729701162
