7345186456954047787
7351191278081592619
7348885059711094058
7351670946459159851
7351005218949238049
7341796912883862814
7350028979115429163
7348942217689451806
7335076878912343328
7351144574661774635
7350768971638902059
7339107127874555169
7348208719735295265
7348176819994119467
7350443993605459243
7330697719264054560
7332593173333822766
7332001044924271914
7349256268059561217
7346756448103288107
7329550366432070958
7347417824446483754
7335719362659192065
7350708324125445408
7350772960304844078
7350021963223584046
7350405591434628382
7348870181407722798
7343358090756082990
7339406908924890369
7347633281883442464
7348934135047572766
7348522875634191621
7342212182651833631
7333322696757087534
7342669883886341419
7349568170904063274
7348132530765303083
7349598788538977579
7349751749185391914
7349762669756419370
7345719870123740459
7348608019388796206
7344818041156275502
7349163078551899424
7348972113509813547
7348770590053944577
7348667636051430698
7331211859476876575
7348573721084349742
7348094032645573920
7347043177376795937
7345577608186252586
7346732356620881157
7329049049066196226
7345166642499849505
7344640925726969119
7343116185057217823
7346060881723264299
7346383083987553582
7346249504800263456
7345953938010541354
7326954898703125792
7345739405945998610
7333952261137239328
7344436866344619296
7341091099311721758
7342025930564521259
7342937025361956142
7343259942314446112
7334756028401061152
7326325091187412255
7345227307608575275
7345555694164151598
7345568126668459270
7343393805854395680
7342316904486276394
7330000273399745835
7325712389679189290
7327388799632231726
7308853832069483782
7316281749838023982
7305554824894926123
7312271032906190123
7312529411373419819
7296967605263338784
7311427137628605738
7311356836651732266
7307085405038398766
7305464751671315755
7304487709429599531
7295114410094382369
7291852884122144043
7300961934914915589
7288016476928216363
7298337037931826462
7296733697607224619
7297370558558211371
7297315715407793440
7292119082529230122
7292882113014123819
7290807528546503967
7291024363799760171
7288035382413839646
7287330797407702303
7282420601136991534
7339937331039767841
7339745900022992171
7342105814787788065
7342244830598221098
7342136857112628526
7341572232927333675
7341444390180687150
7341811573595524398
7340853821226175787
7340828738180893995
7340624590630047009
7339955182266109230
7340772433810443550
7330379673584651525
7339764266058255659
7340438251288759598
7340078016564841736
7338028323471133985
7337752906247982368
7341072480372641067
7340687233269140779
7340789599230479662
7340407905117588742
7337815746833141034
7339609563911556394
7339698995897404715
7330864911725169952
7336226316993269034
7337892830313991467
7338552968515439905
7338103842606730538
7331292194206256427
7330737451646078254
7337463245562842374
7337029552662727978
7336655115035741470
7325113017463754030
7337433492822723873
7328896455119310123
7337095859726748970
7335806668736974112
7333720766422224174
7335551871991418155
7335511777163087109
7333746412246633774
7334565653854096682
7334790062221036805
7335238972693712174
7331616517156506881
7332751326805511470
7331452021570325766
7333301021244017963
7334395836857634090
7328684555743808769
7334516325164895531
7334103766653898030
7332919409499213102
7333659058504830241
7334143590098079019
7321307169545014561
7333442934097972522
7333724353239993632
7333305068806180142
7331920307063672107
7333630659690384683
7333313501722578219
7333083048554024234
7333220076558011690
7332951494620237099
7328262050449394990
7332159747786968326
7312852220582661419
7332520051645451553
7330793159993363758
7331439283838094638
7331938319624064302
7322223983015824682
7325810109223800110
7332547908757146910
7331187830326250798
7320722024136150318
7322576916073024814
7327772369102179626
7328515858907565354
7330370129278143790
7331808041865727275
7332226021170662698
7323673010790092064
7329198456096984363
7322902813137292550
7330408534678457642
7321031141769760042
7321819022452968734
7283215159533784366
7277721287672302890
7250668800541084971
7208612613729701162
7281432827374161195
7280263565259410719
7281368514198261035
7277734487268658462
7281055425745800478
7275380211108039937
7270984400739814662
7271672269762530592
7281445210683477254
7273143027361680673
7269813292082760993
7275278329828150535
7272165545024245034
7274582841378295086
7272492026237701419
7278033898267823392
7170796494168132906
7281479237608033582
7281273602907917599
7281438997736475947
7281392313568398638
7281124964500000006
7280563062678113537
7269888512764267808
7278423335225003296
7265897165816384811
7275898712461757738
7221015241293860102
7264386992404696363
7232680060648443179
7261795427777924394
7034649383031491886
7354933754755845418
7361199320269589806
7358881729215597856
7359279226060541227
7347978404311960840
7358502418256022826
7357535146410593578
7358284757509098795
7343760551085935914
7352341373221129515
7356782913809304878
7356319990519270699
7356174748952366344
7356348696285482282
7352913443235646762
7355259107462384938
7353852457929280810
7355584261501504814
7355510634924018986
7354855029569883398
7350918067708300587
7352906839786278177
7353847513243307281
7334949225635106094
7341011712507677984
7349547827795627306
7353715174471208224
7354012467900550431
7354122998951071018
7354048737544506657
7353414299001310495
7354126776072670507
7346511698624269601
7352651992730193183
7353113045897350446
7352916229893557550
7352981264670100782
7348480747721739562
7352951753567915310
7352904298600074501
7352760022113307909
7352853795547893038
7352002535462505774
7336724718667451690
7352243110468062510
7352938413424676101